train,368.47415125370026,29.668,7417,25000
train,313.00256645679474,40.376,10094,25000
train,282.0079208612442,47.148,11787,25000
test,149.39330506324768,45.68,4568,10000
train,290.35230827331543,45.468,11367,25000
train,240.46555697917938,55.848,13962,25000
train,207.38581067323685,62.36,15590,25000
test,118.68118435144424,59.38,5938,10000
train,201.078364610672,63.22,15805,25000
train,178.66529554128647,67.504,16876,25000
train,161.50131285190582,70.792,17698,25000
test,102.89132171869278,66.64,6664,10000
train,148.4965644478798,73.46,18365,25000
train,140.35223698616028,75.316,18829,25000
train,132.52465352416039,76.416,19104,25000
test,80.37840515375137,72.37,7237,10000
train,126.7629922926426,77.664,19416,25000
train,122.89836597442627,78.248,19562,25000
train,116.98736414313316,79.228,19807,25000
test,80.4232229590416,73.51,7351,10000
train,114.10994711518288,79.892,19973,25000
train,111.42903673648834,80.12,20030,25000
train,109.29028379917145,80.552,20138,25000
test,88.78870069980621,69.96,6996,10000
train,106.35720762610435,81.184,20296,25000
train,103.16841220855713,81.776,20444,25000
train,103.52659392356873,81.9,20475,25000
test,64.20730218291283,78.2,7820,10000
train,98.65000504255295,82.776,20694,25000
train,99.64687582850456,82.572,20643,25000
train,97.65855011343956,83.024,20756,25000
test,71.56805363297462,76.97,7697,10000
train,95.27660420536995,83.448,20862,25000
train,97.79165616631508,82.916,20729,25000
train,94.92589342594147,83.652,20913,25000
test,121.60079926252365,66.58,6658,10000
train,90.48369167745113,84.208,21052,25000
train,92.53439763188362,83.764,20941,25000
train,91.50099703669548,84.032,21008,25000
test,67.57608526945114,77.36,7736,10000
train,89.00780592858791,84.532,21133,25000
train,90.52695137262344,84.296,21074,25000
train,88.44570362567902,84.428,21107,25000
test,73.50037714838982,76.17,7617,10000
train,86.84027720987797,84.892,21223,25000
train,86.98578122258186,84.92,21230,25000
train,85.76918095350266,85.156,21289,25000
test,99.11188971996307,72.37,7237,10000
train,83.11270208656788,85.436,21359,25000
train,84.79370838403702,85.124,21281,25000
train,81.98791395127773,85.488,21372,25000
test,67.71818369626999,78.98,7898,10000
train,80.54707826673985,86.084,21521,25000
train,84.20806565880775,85.248,21312,25000
train,82.05183438956738,85.544,21386,25000
test,70.70655342936516,77.83,7783,10000
train,77.99802133440971,86.5,21625,25000
train,81.10442277789116,85.68,21420,25000
train,79.52326053380966,86.048,21512,25000
test,69.8212211728096,77.32,7732,10000
train,77.13932572305202,86.548,21637,25000
train,78.64673061668873,86.396,21599,25000
train,76.4503658413887,86.432,21608,25000
test,61.43805792927742,79.95,7995,10000
train,73.4724749326706,87.228,21807,25000
train,75.02751606702805,86.788,21697,25000
train,75.16854076087475,86.924,21731,25000
test,75.40498286485672,76.86,7686,10000
train,72.49839663505554,87.252,21813,25000
train,73.77063700556755,87.3,21825,25000
train,74.03117427229881,86.872,21718,25000
test,55.8257120847702,81.72,8172,10000
train,69.5518463999033,88.012,22003,25000
train,72.4476789534092,87.312,21828,25000
train,70.80551539361477,87.472,21868,25000
test,68.0720908343792,78.36,7836,10000
train,69.80739268660545,87.772,21943,25000
train,71.26801808178425,87.58,21895,25000
train,68.85351923108101,88.064,22016,25000
test,62.091221287846565,80.21,8021,10000
train,66.62432031333447,88.452,22113,25000
train,67.30015471577644,88.092,22023,25000
train,67.054155215621,88.22,22055,25000
test,63.62993964552879,79.55,7955,10000
train,65.40368719398975,88.584,22146,25000
train,67.30280739068985,88.248,22062,25000
train,64.31612358987331,88.892,22223,25000
test,54.81010690331459,81.65,8165,10000
train,63.32625424861908,89.008,22252,25000
train,63.78105181455612,88.896,22224,25000
train,61.38446383178234,89.316,22329,25000
test,51.39241141080856,83.59,8359,10000
train,60.290264308452606,89.324,22331,25000
train,63.80744957923889,88.716,22179,25000
train,62.16926944255829,89.212,22303,25000
test,53.434681594371796,82.94,8294,10000
train,57.69123022258282,90.112,22528,25000
train,60.50959877669811,89.412,22353,25000
train,62.7679795473814,89.08,22270,25000
test,46.341478392481804,84.7,8470,10000
train,57.44582597911358,90.08,22520,25000
train,60.48405736684799,89.484,22371,25000
train,58.30522374808788,89.832,22458,25000
test,58.86550238728523,80.99,8099,10000
train,55.54739952087402,90.128,22532,25000
train,57.62485846877098,89.716,22429,25000
train,57.23766818642616,89.896,22474,25000
test,45.86343738436699,84.9,8490,10000
train,52.63889737427235,90.892,22723,25000
train,54.87117975950241,90.088,22522,25000
train,56.451627656817436,90.216,22554,25000
test,48.45336228609085,84.21,8421,10000
train,52.00318015366793,90.82,22705,25000
train,54.19791902601719,90.464,22616,25000
train,53.815738297998905,90.544,22636,25000
test,68.24473604559898,79.39,7939,10000
train,50.62671967595816,91.156,22789,25000
train,52.908217549324036,90.728,22682,25000
train,50.37001235038042,91.26,22815,25000
test,56.71447083353996,82.49,8249,10000
train,49.58715880662203,91.208,22802,25000
train,49.91539312899113,91.344,22836,25000
train,50.59871358424425,90.968,22742,25000
test,55.55595798790455,82.64,8264,10000
train,45.56302998960018,91.916,22979,25000
train,47.839820474386215,91.572,22893,25000
train,47.92711844295263,91.564,22891,25000
test,41.464053988456726,86.6,8660,10000
train,43.211774446070194,92.444,23111,25000
train,46.14321952313185,91.904,22976,25000
train,45.1644731760025,92.036,23009,25000
test,52.41146521270275,84.23,8423,10000
train,41.21809123456478,92.716,23179,25000
train,44.780593916773796,92.196,23049,25000
train,46.263639368116856,92.028,23007,25000
test,39.739633306860924,86.78,8678,10000
train,41.412812266498804,92.788,23197,25000
train,42.41122768819332,92.52,23130,25000
train,42.378399200737476,92.488,23122,25000
test,48.99760954082012,84.58,8458,10000
train,39.308145232498646,93.152,23288,25000
train,39.72246301919222,93.104,23276,25000
train,40.920030668377876,92.868,23217,25000
test,45.54970368742943,86.33,8633,10000
train,37.7694689668715,93.48,23370,25000
train,38.73030435293913,93.332,23333,25000
train,37.74112517386675,93.412,23353,25000
test,48.07136517763138,84.94,8494,10000
train,32.94364872947335,94.22,23555,25000
train,36.994836784899235,93.428,23357,25000
train,34.56336951255798,93.932,23483,25000
test,64.83299487829208,82.14,8214,10000
train,33.781296625733376,94.216,23554,25000
train,36.04742616415024,93.66,23415,25000
train,33.861015133559704,94.048,23512,25000
test,71.71065133810043,80.71,8071,10000
train,30.359538346529007,94.704,23676,25000
train,32.93601890653372,94.26,23565,25000
train,30.235124561935663,94.732,23683,25000
test,39.86353421211243,87.43,8743,10000
train,27.984785560518503,95.24,23810,25000
train,30.94443006440997,94.564,23641,25000
train,29.25094783306122,94.852,23713,25000
test,36.715892896056175,88.39,8839,10000
train,24.670522581785917,95.636,23909,25000
train,28.79462367296219,95.008,23752,25000
train,28.201755207031965,95.156,23789,25000
test,35.29495944082737,89.0,8900,10000
train,23.14049368351698,96.04,24010,25000
train,28.445726960897446,94.988,23747,25000
train,24.106167249381542,95.884,23971,25000
test,37.78432381153107,88.51,8851,10000
train,21.75890437141061,96.188,24047,25000
train,24.24699519202113,95.728,23932,25000
train,21.531948022544384,96.248,24062,25000
test,48.59229330718517,85.97,8597,10000
train,20.146716544404626,96.436,24109,25000
train,19.575196700170636,96.58,24145,25000
train,21.959499647840858,96.128,24032,25000
test,32.1192749068141,90.1,9010,10000
train,17.803908249363303,96.924,24231,25000
train,18.024854635819793,96.968,24242,25000
train,20.75964918732643,96.404,24101,25000
test,30.771343864500523,91.06,9106,10000
train,16.12916603591293,97.192,24298,25000
train,16.92291776649654,97.108,24277,25000
train,15.21701666712761,97.332,24333,25000
test,30.86687047034502,90.72,9072,10000
train,12.530083340592682,97.892,24473,25000
train,14.273684414103627,97.612,24403,25000
train,15.933748153969646,97.312,24328,25000
test,30.26403021812439,91.3,9130,10000
train,13.581734611652792,97.624,24406,25000
train,10.62286108918488,98.188,24547,25000
train,12.980801622383296,97.788,24447,25000
test,35.08033128082752,90.36,9036,10000
train,9.418971763923764,98.392,24598,25000
train,11.15506652649492,98.064,24516,25000
train,11.530091749504209,98.044,24511,25000
test,30.955295518040657,91.54,9154,10000
train,8.72168113803491,98.468,24617,25000
train,9.518338676076382,98.4,24600,25000
train,9.925274489913136,98.328,24582,25000
test,29.065757978707552,91.96,9196,10000
train,5.39193511987105,99.176,24794,25000
train,7.310653044376522,98.776,24694,25000
train,7.708746721968055,98.664,24666,25000
test,28.098034255206585,92.42,9242,10000
train,4.3199922007042915,99.284,24821,25000
train,5.7676605130545795,99.104,24776,25000
train,5.089398526819423,99.168,24792,25000
test,28.22016490995884,92.39,9239,10000
train,3.690681290347129,99.42,24855,25000
train,3.2630359835457057,99.54,24885,25000
train,4.591818272136152,99.304,24826,25000
test,26.09253677725792,93.24,9324,10000
train,2.4006651008385234,99.652,24913,25000
train,2.636387101141736,99.592,24898,25000
train,2.5087314604315907,99.656,24914,25000
test,25.34767036139965,93.56,9356,10000
train,1.3553974163951352,99.828,24957,25000
train,1.6204099418828264,99.76,24940,25000
train,1.5873004797613248,99.768,24942,25000
test,25.400338277220726,93.67,9367,10000
train,1.3283214489929378,99.812,24953,25000
train,1.184325288166292,99.848,24962,25000
train,0.8783490271307528,99.916,24979,25000
test,22.985368696041405,94.14,9414,10000
train,0.8021685349522159,99.92,24980,25000
train,0.8026760187931359,99.908,24977,25000
train,0.7105224344413728,99.92,24980,25000
test,22.60478175804019,94.42,9442,10000
train,0.7204315549461171,99.948,24987,25000
train,0.6126655457774177,99.94,24985,25000
train,0.5374054517014883,99.948,24987,25000
test,21.971732512116432,94.6,9460,10000
train,0.4461193743045442,99.976,24994,25000
train,0.6145199615857564,99.932,24983,25000
train,0.5273504964425229,99.96,24990,25000
test,21.826637198217213,94.74,9474,10000
train,0.3790743079734966,99.976,24994,25000
train,0.3454071242013015,99.984,24996,25000
train,0.34478792746085674,99.992,24998,25000
test,21.47320112027228,94.84,9484,10000
train,0.32833398011280224,99.992,24998,25000
train,0.39971245592460036,99.968,24992,25000
train,0.3838281281059608,99.98,24995,25000
test,21.349023846909404,94.83,9483,10000
train,0.3836563021177426,99.98,24995,25000
train,0.3776677802670747,99.984,24996,25000
train,0.31361894722795114,99.992,24998,25000
test,21.40273797698319,94.78,9478,10000
train,0.2915175704401918,99.992,24998,25000
train,0.36111155012622476,99.984,24996,25000
train,0.40537026443053037,99.976,24994,25000
test,21.17608746699989,94.87,9487,10000
train,0.3199161476222798,99.992,24998,25000
train,0.38293145573697984,99.972,24993,25000
train,0.3583103991113603,99.988,24997,25000
test,21.221329029649496,94.84,9484,10000
train,0.35962294205091894,99.98,24995,25000
train,0.3206688847276382,99.984,24996,25000
train,0.3229421856231056,99.988,24997,25000
test,21.346206875517964,94.85,9485,10000
train,0.35817056737141684,99.984,24996,25000
train,0.3244699295028113,99.988,24997,25000
train,0.33396874950267375,99.988,24997,25000
test,21.266791451722383,94.87,9487,10000
train,0.2966605271794833,99.996,24999,25000
train,0.33646602946100757,99.992,24998,25000
train,0.3666306981467642,99.984,24996,25000
test,21.274544270709157,94.87,9487,10000
train,0.361992446531076,99.984,24996,25000
train,0.4399281751830131,99.972,24993,25000
train,0.3390212570084259,99.996,24999,25000
test,21.2579647898674,95.02,9502,10000
train,0.37393190403236076,99.984,24996,25000
train,0.35516544291749597,99.984,24996,25000
train,0.3063138254801743,99.996,24999,25000
test,21.132403997704387,94.85,9485,10000
train,0.3299149594386108,99.98,24995,25000
train,0.3332266301731579,99.992,24998,25000
train,0.3603506750660017,99.988,24997,25000
test,21.003818383440375,94.73,9473,10000
train,0.34419700934085995,99.98,24995,25000
train,0.31543148832861334,99.988,24997,25000
train,0.3288155575282872,99.988,24997,25000
test,21.742834562435746,94.78,9478,10000
train,0.2957955122110434,99.996,24999,25000
train,0.30242079589515924,99.992,24998,25000
train,0.33164934790693223,99.996,24999,25000
test,21.333847418427467,94.76,9476,10000
train,0.31251318502472714,99.992,24998,25000
train,0.3579525726963766,99.98,24995,25000
train,0.2919093565433286,100.0,25000,25000
test,21.379569007083774,94.74,9474,10000
train,0.3318407178740017,99.988,24997,25000
train,0.3125730838510208,99.996,24999,25000
train,0.3581492530647665,99.992,24998,25000
test,21.522732933983207,94.74,9474,10000
train,0.4158855590503663,99.976,24994,25000
train,0.35993290337501094,99.984,24996,25000
train,0.5845932669471949,99.936,24984,25000
test,22.771682495251298,94.51,9451,10000
train,0.8150666572037153,99.904,24976,25000
train,0.8258891786681488,99.92,24980,25000
train,1.6070740887662396,99.82,24955,25000
test,26.61610898375511,93.29,9329,10000
train,1.0548149418318644,99.9,24975,25000
train,1.9391892803832889,99.744,24936,25000
train,4.236872721114196,99.328,24832,25000
test,31.76948557794094,92.06,9206,10000
train,3.3130293036811054,99.552,24888,25000
train,5.964517892105505,99.06,24765,25000
train,8.475365668069571,98.68,24670,25000
test,30.129919912666082,91.98,9198,10000
train,5.671520347474143,99.084,24771,25000
train,10.954239353071898,98.26,24565,25000
train,11.78667923156172,98.068,24517,25000
test,30.96030106768012,91.11,9111,10000
train,9.061580548528582,98.532,24633,25000
train,15.23046172503382,97.564,24391,25000
train,18.63628094829619,96.832,24208,25000
test,32.34047419577837,90.4,9040,10000
train,12.168432876933366,97.992,24498,25000
train,21.306489184498787,96.36,24090,25000
train,19.92806349694729,96.7,24175,25000
test,36.142376750707626,89.5,8950,10000
train,13.361378189176321,97.776,24444,25000
train,21.019789684563875,96.488,24122,25000
train,24.420788809657097,95.916,23979,25000
test,40.57268190383911,88.58,8858,10000
train,18.45367455482483,96.916,24229,25000
train,24.351296299137175,95.884,23971,25000
train,25.44910277426243,95.696,23924,25000
test,39.994864232838154,88.68,8868,10000
train,23.22571517433971,95.936,23984,25000
train,23.724536027759314,96.012,24003,25000
train,25.460264828056097,95.66,23915,25000
test,46.25523266196251,86.98,8698,10000
train,20.68852675706148,96.42,24105,25000
train,26.533231671899557,95.404,23851,25000
train,26.342963628470898,95.352,23838,25000
test,53.710873395204544,84.44,8444,10000
train,21.62739655189216,96.304,24076,25000
train,26.649950912222266,95.444,23861,25000
train,30.63596035167575,94.852,23713,25000
test,43.66104258596897,87.52,8752,10000
train,22.70038529857993,96.1,24025,25000
train,29.62348612397909,95.072,23768,25000
train,27.885246749967337,95.16,23790,25000
test,41.18113087117672,88.21,8821,10000
train,20.530788224190474,96.42,24105,25000
train,31.521318465471268,94.388,23597,25000
train,29.1734182164073,94.956,23739,25000
test,37.75967015326023,88.62,8862,10000
train,23.528877895325422,95.932,23983,25000
train,30.78488190472126,94.604,23651,25000
train,31.554615389555693,94.764,23691,25000
test,47.941169276833534,85.48,8548,10000
train,25.80076414719224,95.68,23920,25000
train,32.24240241199732,94.48,23620,25000
train,32.63247671350837,94.144,23536,25000
test,40.003602258861065,87.9,8790,10000
train,27.176825534552336,95.18,23795,25000
train,30.827415719628334,94.548,23637,25000
train,31.23972336947918,94.52,23630,25000
test,39.5563687980175,88.2,8820,10000
train,29.61257523111999,94.8,23700,25000
train,32.61481989175081,94.392,23598,25000
train,32.880276247859,94.296,23574,25000
test,64.63180485367775,81.82,8182,10000
train,27.42841200530529,95.352,23838,25000
train,31.723989315330982,94.476,23619,25000
train,36.34665573388338,93.688,23422,25000
test,42.8213896304369,86.18,8618,10000
train,29.429062712937593,94.904,23726,25000
train,36.753786213696,93.764,23441,25000
train,35.29033888503909,93.852,23463,25000
test,38.35135397315025,87.48,8748,10000
train,33.03673338890076,94.18,23545,25000
train,37.07042332738638,93.572,23393,25000
train,35.59095872938633,93.856,23464,25000
test,37.00122079253197,88.27,8827,10000
train,31.567771293222904,94.44,23610,25000
train,37.023706920444965,93.68,23420,25000
train,38.59543089568615,93.224,23306,25000
test,41.40338657796383,87.46,8746,10000
train,33.8948692381382,94.124,23531,25000
train,37.768273800611496,93.488,23372,25000
train,38.22979824244976,93.436,23359,25000
test,42.832240015268326,86.74,8674,10000
train,35.55364594981074,93.932,23483,25000
train,39.21945163235068,93.184,23296,25000
train,42.12800167500973,92.532,23133,25000
test,43.77670630812645,86.29,8629,10000
train,35.27914705872536,93.788,23447,25000
train,39.795474484562874,93.108,23277,25000
train,42.26684936136007,92.424,23106,25000
test,53.945776253938675,84.17,8417,10000
train,35.889539077878,93.68,23420,25000
train,41.9038206115365,92.82,23205,25000
train,43.5028957426548,92.58,23145,25000
test,45.25290001928806,85.97,8597,10000
train,38.823376391083,93.096,23274,25000
train,44.142483569681644,92.392,23098,25000
train,44.06038913875818,92.468,23117,25000
test,51.52082905173302,84.03,8403,10000
train,39.238120317459106,93.264,23316,25000
train,43.70978882908821,92.496,23124,25000
train,46.08829025179148,91.892,22973,25000
test,45.19529941678047,85.81,8581,10000
train,39.48383982479572,93.084,23271,25000
train,47.14601968973875,91.772,22943,25000
train,46.8701733648777,91.844,22961,25000
test,39.74379485845566,86.96,8696,10000
train,41.22871592640877,92.776,23194,25000
train,47.92566794902086,91.784,22946,25000
train,46.484742030501366,92.072,23018,25000
test,56.64422285556793,81.97,8197,10000
train,39.52787383645773,93.168,23292,25000
train,49.91257993876934,91.372,22843,25000
train,46.11612995713949,92.084,23021,25000
test,49.214332431554794,84.09,8409,10000
train,45.1901464946568,92.064,23016,25000
train,47.63314609229565,91.816,22954,25000
train,48.592483296990395,91.424,22856,25000
test,41.141039937734604,86.73,8673,10000
train,45.11314605921507,92.164,23041,25000
train,52.39193370193243,90.928,22732,25000
train,48.43144226074219,91.452,22863,25000
test,60.382917910814285,80.97,8097,10000
train,44.60526476055384,92.26,23065,25000
train,50.739616855978966,91.384,22846,25000
train,52.78506155312061,90.904,22726,25000
test,51.6999734044075,83.63,8363,10000
train,48.00787024945021,91.704,22926,25000
train,49.526103399693966,91.628,22907,25000
train,54.35873236507177,90.548,22637,25000
test,45.941557198762894,84.44,8444,10000
